{
 "cells": [
  {
   "attachments": {},
   "cell_type": "markdown",
   "metadata": {},
   "source": [
    "# Импорт"
   ]
  },
  {
   "cell_type": "code",
   "execution_count": 1,
   "metadata": {},
   "outputs": [],
   "source": [
    "import sys\n",
    "import numpy as np\n",
    "import networkx as nx\n",
    "import matplotlib.pyplot as plt\n",
    "\n",
    "\n",
    "sys.path.append(\"../Project\")\n",
    "from Classes.Ant import Ant\n",
    "from Classes.TrackOfWalk import TrackOfWalk"
   ]
  },
  {
   "attachments": {},
   "cell_type": "markdown",
   "metadata": {},
   "source": [
    "# Общие переменные"
   ]
  },
  {
   "cell_type": "code",
   "execution_count": 7,
   "metadata": {},
   "outputs": [],
   "source": [
    "field_size = 12"
   ]
  },
  {
   "cell_type": "code",
   "execution_count": 8,
   "metadata": {},
   "outputs": [],
   "source": [
    "feromon_map = np.random.rand(field_size, field_size)\n",
    "feromon_map = (feromon_map + feromon_map.T) / 2 - 100 * np.eye(field_size)\n",
    "distance_map = np.random.rand(field_size, field_size)\n",
    "distance_map = (distance_map + distance_map.T) / 2 - 100 * np.eye(field_size)"
   ]
  },
  {
   "cell_type": "code",
   "execution_count": 9,
   "metadata": {},
   "outputs": [
    {
     "name": "stdout",
     "output_type": "stream",
     "text": [
      "[[-9.97191381e+01  3.55726671e-01  3.38935255e-01  2.64179291e-01\n",
      "   1.88716471e-01  5.08665146e-01  6.50061896e-01  5.42313451e-01\n",
      "   4.75085515e-01  3.79587653e-01  2.76042351e-01  5.17584104e-01]\n",
      " [ 3.55726671e-01 -9.98727087e+01  8.65629751e-01  6.28487942e-01\n",
      "   6.87342248e-01  7.94712360e-01  2.78538689e-01  9.26787107e-01\n",
      "   8.51879719e-01  6.41689919e-01  8.50132210e-01  5.57909383e-01]\n",
      " [ 3.38935255e-01  8.65629751e-01 -9.91822189e+01  5.09788721e-01\n",
      "   7.71303415e-01  2.27080733e-01  3.95438966e-01  4.01579554e-01\n",
      "   1.14648436e-01  9.00100718e-01  7.66399458e-02  5.44274290e-01]\n",
      " [ 2.64179291e-01  6.28487942e-01  5.09788721e-01 -9.97279831e+01\n",
      "   4.61523046e-01  4.06710127e-01  7.96443726e-01  4.90131642e-01\n",
      "   8.91162631e-02  7.03082318e-01  2.42633707e-01  6.86470758e-01]\n",
      " [ 1.88716471e-01  6.87342248e-01  7.71303415e-01  4.61523046e-01\n",
      "  -9.90271679e+01  2.24805098e-01  4.69050273e-01  5.78628418e-01\n",
      "   6.85681444e-01  2.37100558e-01  6.17067899e-01  4.04677803e-01]\n",
      " [ 5.08665146e-01  7.94712360e-01  2.27080733e-01  4.06710127e-01\n",
      "   2.24805098e-01 -9.90056919e+01  8.39751434e-01  3.01181831e-01\n",
      "   5.01616849e-01  2.89898552e-01  6.54422607e-01  5.73515849e-01]\n",
      " [ 6.50061896e-01  2.78538689e-01  3.95438966e-01  7.96443726e-01\n",
      "   4.69050273e-01  8.39751434e-01 -9.90704296e+01  5.81835683e-01\n",
      "   2.47851652e-01  2.85835750e-01  2.34568821e-01  6.04109110e-01]\n",
      " [ 5.42313451e-01  9.26787107e-01  4.01579554e-01  4.90131642e-01\n",
      "   5.78628418e-01  3.01181831e-01  5.81835683e-01 -9.98516925e+01\n",
      "   4.32173808e-01  9.87849116e-02  3.40948987e-01  7.01045346e-02]\n",
      " [ 4.75085515e-01  8.51879719e-01  1.14648436e-01  8.91162631e-02\n",
      "   6.85681444e-01  5.01616849e-01  2.47851652e-01  4.32173808e-01\n",
      "  -9.98405516e+01  2.28494801e-01  2.75307476e-01  8.76503248e-01]\n",
      " [ 3.79587653e-01  6.41689919e-01  9.00100718e-01  7.03082318e-01\n",
      "   2.37100558e-01  2.89898552e-01  2.85835750e-01  9.87849116e-02\n",
      "   2.28494801e-01 -9.98260484e+01  3.58277650e-01  2.13996803e-01]\n",
      " [ 2.76042351e-01  8.50132210e-01  7.66399458e-02  2.42633707e-01\n",
      "   6.17067899e-01  6.54422607e-01  2.34568821e-01  3.40948987e-01\n",
      "   2.75307476e-01  3.58277650e-01 -9.93999295e+01  3.48623456e-01]\n",
      " [ 5.17584104e-01  5.57909383e-01  5.44274290e-01  6.86470758e-01\n",
      "   4.04677803e-01  5.73515849e-01  6.04109110e-01  7.01045346e-02\n",
      "   8.76503248e-01  2.13996803e-01  3.48623456e-01 -9.91729160e+01]]\n"
     ]
    }
   ],
   "source": [
    "print(feromon_map)"
   ]
  },
  {
   "cell_type": "code",
   "execution_count": 10,
   "metadata": {},
   "outputs": [
    {
     "name": "stdout",
     "output_type": "stream",
     "text": [
      "[[-99.74507957   0.39585958   0.2374875    0.68717277   0.19816557\n",
      "    0.8118241    0.27717939   0.30571805   0.83660374   0.53540827\n",
      "    0.297896     0.44279839]\n",
      " [  0.39585958 -99.52130793   0.7933503    0.56614827   0.31254727\n",
      "    0.53900336   0.40534832   0.24932819   0.23173825   0.63132923\n",
      "    0.53506353   0.24138548]\n",
      " [  0.2374875    0.7933503  -99.35147106   0.48937677   0.36862849\n",
      "    0.27666111   0.52481233   0.38798742   0.65101664   0.30408014\n",
      "    0.41498288   0.30744884]\n",
      " [  0.68717277   0.56614827   0.48937677 -99.11064344   0.65410513\n",
      "    0.42429074   0.41929606   0.21077001   0.47585973   0.17533781\n",
      "    0.46451698   0.38008334]\n",
      " [  0.19816557   0.31254727   0.36862849   0.65410513 -99.90371257\n",
      "    0.20552693   0.74259306   0.56439537   0.43352507   0.55673143\n",
      "    0.54832544   0.32438642]\n",
      " [  0.8118241    0.53900336   0.27666111   0.42429074   0.20552693\n",
      "  -99.21553872   0.86727086   0.71114579   0.59903268   0.39506774\n",
      "    0.80405561   0.40465422]\n",
      " [  0.27717939   0.40534832   0.52481233   0.41929606   0.74259306\n",
      "    0.86727086 -99.08896974   0.14079968   0.79097615   0.30883161\n",
      "    0.57919705   0.88270849]\n",
      " [  0.30571805   0.24932819   0.38798742   0.21077001   0.56439537\n",
      "    0.71114579   0.14079968 -99.69503952   0.55225407   0.57909928\n",
      "    0.63059626   0.64372643]\n",
      " [  0.83660374   0.23173825   0.65101664   0.47585973   0.43352507\n",
      "    0.59903268   0.79097615   0.55225407 -99.32877835   0.24693342\n",
      "    0.1857547    0.30469578]\n",
      " [  0.53540827   0.63132923   0.30408014   0.17533781   0.55673143\n",
      "    0.39506774   0.30883161   0.57909928   0.24693342 -99.08137602\n",
      "    0.86543379   0.14339688]\n",
      " [  0.297896     0.53506353   0.41498288   0.46451698   0.54832544\n",
      "    0.80405561   0.57919705   0.63059626   0.1857547    0.86543379\n",
      "  -99.16986688   0.37933575]\n",
      " [  0.44279839   0.24138548   0.30744884   0.38008334   0.32438642\n",
      "    0.40465422   0.88270849   0.64372643   0.30469578   0.14339688\n",
      "    0.37933575 -99.48975894]]\n"
     ]
    }
   ],
   "source": [
    "print(distance_map)"
   ]
  },
  {
   "cell_type": "code",
   "execution_count": 11,
   "metadata": {},
   "outputs": [],
   "source": [
    "edges = []\n",
    "for i in range(field_size):\n",
    "    for j in range(i, field_size):\n",
    "        if i != j:\n",
    "            edges.append((i, j, field_size))"
   ]
  },
  {
   "cell_type": "code",
   "execution_count": 12,
   "metadata": {},
   "outputs": [],
   "source": [
    "def random_experement(ant: Ant, \n",
    "               feromon_map_updater: TrackOfWalk, \n",
    "               feromon_map: np.ndarray, \n",
    "               distance_map: np.ndarray,\n",
    "               num_of_iteration: int):\n",
    "    for _ in range(num_of_iteration):\n",
    "        track = ant.walk(pos=[np.random.randint(0, field_size), \n",
    "                              np.random.randint(0, field_size)], \n",
    "                         distance_matrix=distance_map, \n",
    "                         feromon_matrix=feromon_map)\n",
    "        feromon_map = feromon_map_updater.update(track=track, \n",
    "                                                 feromon_matrix=feromon_map)\n",
    "    return feromon_map"
   ]
  },
  {
   "cell_type": "code",
   "execution_count": 13,
   "metadata": {},
   "outputs": [],
   "source": [
    "def experement(ant: Ant,\n",
    "               pos: iter,\n",
    "               feromon_map_updater: TrackOfWalk, \n",
    "               feromon_map: np.ndarray, \n",
    "               distance_map: np.ndarray,\n",
    "               num_of_iteration: int):\n",
    "    for _ in range(num_of_iteration):\n",
    "        track = ant.walk(pos=pos, \n",
    "                         distance_matrix=distance_map, \n",
    "                         feromon_matrix=feromon_map)\n",
    "        feromon_map = feromon_map_updater.update(track=track, \n",
    "                                                 feromon_matrix=feromon_map)\n",
    "    return feromon_map"
   ]
  },
  {
   "cell_type": "code",
   "execution_count": 14,
   "metadata": {},
   "outputs": [],
   "source": [
    "ants_collection = [[Ant(walk_distance=field_size//3, a=1, b=2) for _ in range(n*2)] for n in range(1, 8)]\n",
    "feromon_map_updater = TrackOfWalk(feromon_volume=field_size*3, feromon_erosion_speed=0.7)\n"
   ]
  },
  {
   "attachments": {},
   "cell_type": "markdown",
   "metadata": {},
   "source": [
    "# Опыт"
   ]
  },
  {
   "cell_type": "code",
   "execution_count": 27,
   "metadata": {},
   "outputs": [],
   "source": [
    "results = list()\n",
    "for ants in ants_collection:\n",
    "    time_map = feromon_map\n",
    "    for ant in ants:\n",
    "        time_map = random_experement(ant=ant, \n",
    "                                     feromon_map_updater=feromon_map_updater, \n",
    "                                     feromon_map=time_map, \n",
    "                                     distance_map=distance_map, \n",
    "                                     num_of_iteration=20)\n",
    "    results.append(time_map)"
   ]
  },
  {
   "cell_type": "code",
   "execution_count": 25,
   "metadata": {},
   "outputs": [
    {
     "data": {
      "text/plain": [
       "[array([[ 7.50929468e-20,  5.84524650e-26,  5.56933251e-26,\n",
       "          4.34095388e-26,  3.10096031e-26, -7.57585512e-23,\n",
       "          1.06817181e-25,  8.91121206e-26,  1.95520088e+01,\n",
       "          6.23732652e-26,  4.53588589e-26,  6.70463827e+00],\n",
       "        [ 5.84524650e-26, -2.53237325e-21, -1.32073922e-21,\n",
       "         -1.70490918e-05,  1.12943032e-25, -7.72593470e-23,\n",
       "          4.57690533e-26,  6.80254522e-01,  1.39979578e-25,\n",
       "          4.45199810e-26,  5.19705348e-01,  9.16748204e-26],\n",
       "        [ 5.56933251e-26, -1.32073922e-21, -1.93077665e-17,\n",
       "          8.37677064e-26, -6.89430412e-18,  3.73135602e-26,\n",
       "          6.49779289e-26,  6.59869409e-26,  1.88388564e-26,\n",
       "          1.47903180e-25,  1.25933592e-26,  8.94343226e-26],\n",
       "        [ 4.34095388e-26, -1.70490918e-05,  8.37677064e-26,\n",
       "         -4.77374571e-05,  7.58367642e-26,  6.68299888e-26,\n",
       "          1.30870420e-25,  8.05376852e-26,  1.46434487e-26,\n",
       "          1.15529416e-25,  3.98692014e-26,  1.12799830e-25],\n",
       "        [ 3.10096031e-26,  1.12943032e-25, -6.89430412e-18,\n",
       "          7.58367642e-26,  1.15826163e-21,  3.69396314e-26,\n",
       "          1.13047546e+01, -1.19180959e-16,  1.12670131e-25,\n",
       "          3.89600028e-26,  4.98712551e-01,  6.64960404e-26],\n",
       "        [-7.57585512e-23, -7.72593470e-23,  3.73135602e-26,\n",
       "          6.68299888e-26,  3.69396314e-26, -1.58477832e-07,\n",
       "         -1.20694520e-25,  4.94897399e-26, -5.65992258e-08,\n",
       "          4.76356887e-26, -1.45973846e-25,  9.42392511e-26],\n",
       "        [ 1.06817181e-25,  4.57690533e-26,  6.49779289e-26,\n",
       "          1.30870420e-25,  1.13047546e+01, -1.20694520e-25,\n",
       "          2.65726421e-22,  9.56063536e-26,  4.07266061e-26,\n",
       "          4.69680952e-26,  3.85439915e-26,  1.49775852e+01],\n",
       "        [ 8.91121206e-26,  6.80254522e-01,  6.59869409e-26,\n",
       "          8.05376852e-26, -1.19180959e-16,  4.94897399e-26,\n",
       "          9.56063536e-26, -7.25503921e-12, -2.59096625e-12,\n",
       "          1.62321863e-26,  5.60242184e-26,  1.15194704e-26],\n",
       "        [ 1.95520088e+01,  1.39979578e-25,  1.88388564e-26,\n",
       "          1.46434487e-26,  1.12670131e-25, -5.65992258e-08,\n",
       "          4.07266061e-26, -2.59096625e-12,  7.68424622e-20,\n",
       "          3.75459178e-26,  4.52381053e-26,  1.50973878e+01],\n",
       "        [ 6.23732652e-26,  4.45199810e-26,  1.47903180e-25,\n",
       "          1.15529416e-25,  3.89600028e-26,  4.76356887e-26,\n",
       "          4.69680952e-26,  1.62321863e-26,  3.75459178e-26,\n",
       "         -1.43687473e-02, -5.13169547e-03,  3.51636289e-26],\n",
       "        [ 4.53588589e-26,  5.19705348e-01,  1.25933592e-26,\n",
       "          3.98692014e-26,  4.98712551e-01, -1.45973846e-25,\n",
       "          3.85439915e-26,  5.60242184e-26,  4.52381053e-26,\n",
       "         -5.13169547e-03,  4.64186344e-21,  5.72852756e-26],\n",
       "        [ 6.70463827e+00,  9.16748204e-26,  8.94343226e-26,\n",
       "          1.12799830e-25,  6.64960404e-26,  9.42392511e-26,\n",
       "          1.49775852e+01,  1.15194704e-26,  1.50973878e+01,\n",
       "          3.51636289e-26,  5.72852756e-26,  2.71464795e-22]]),\n",
       " array([[ 3.78998935e-33,  1.24840303e+00,  4.33986324e-07,\n",
       "         -4.37089446e-37,  5.09545077e-51, -9.49525476e-42,\n",
       "         -4.28347657e-37, -1.77230339e-36, -5.30868416e-47,\n",
       "         -8.90177383e-02,  1.29174796e+00, -6.87770026e-40],\n",
       "        [ 1.24840303e+00,  3.71978803e-33, -1.53768284e-49,\n",
       "         -1.56628431e-49, -4.96739926e-38, -3.82840372e-45,\n",
       "          1.54241995e-02, -3.75183165e-45, -6.53221126e-44,\n",
       "         -6.91309806e-18, -1.43697629e-48, -1.91941339e-25],\n",
       "        [ 4.33986324e-07, -1.53768284e-49,  1.02935222e-29,\n",
       "         -8.20454258e-41, -2.78286339e-43,  6.13130741e-51,\n",
       "         -2.72720622e-43, -1.17298585e-03, -1.61145126e-31,\n",
       "         -1.23212008e-03,  2.06932161e-51, -6.22738856e-35],\n",
       "        [-4.37089446e-37, -1.56628431e-49, -8.20454258e-41,\n",
       "          6.08277932e-27, -9.22581865e-46,  1.65740724e+00,\n",
       "         -1.57183422e-44,  1.32338298e-50, -2.13199239e-02,\n",
       "         -8.58298073e-28,  1.19836978e+00, -2.00798774e-41],\n",
       "        [ 5.09545077e-51, -4.96739926e-38, -2.78286339e-43,\n",
       "         -9.22581865e-46,  2.74235257e-31, -2.15955911e-02,\n",
       "          1.17929658e-01, -6.03285539e-48, -9.04123926e-46,\n",
       "         -2.07807374e-37, -2.46888131e-50, -1.49572363e-18],\n",
       "        [-9.49525476e-42, -3.82840372e-45,  6.13130741e-51,\n",
       "          1.65740724e+00, -2.15955911e-02,  1.04432384e-30,\n",
       "         -1.60391341e-44, -1.25646867e-03, -2.20687549e-46,\n",
       "         -1.46272592e-26, -2.45240924e-50, -1.96782799e-41],\n",
       "        [-4.28347657e-37,  1.54241995e-02, -2.72720622e-43,\n",
       "         -1.57183422e-44,  1.17929658e-01, -1.60391341e-44,\n",
       "         -1.77242236e-32,  1.57098905e-50, -1.19498433e-38,\n",
       "         -7.63501681e-23, -1.87990530e-32, -2.53292685e-47],\n",
       "        [-1.77230339e-36, -3.75183165e-45, -1.17298585e-03,\n",
       "          1.32338298e-50, -6.03285539e-48, -1.25646867e-03,\n",
       "          1.57098905e-50,  1.06563320e-30, -2.16275402e-46,\n",
       "         -1.32441984e-21, -1.80847284e-36,  3.92009010e-15],\n",
       "        [-5.30868416e-47, -6.53221126e-44, -1.61145126e-31,\n",
       "         -2.13199239e-02, -9.04123926e-46, -2.20687549e-46,\n",
       "         -1.19498433e-38, -2.16275402e-46, -5.96957870e-02,\n",
       "         -8.41132112e-28, -2.53101998e-25, -5.20140097e-47],\n",
       "        [-8.90177383e-02, -6.91309806e-18, -1.23212008e-03,\n",
       "         -8.58298073e-28, -2.07807374e-37, -1.46272592e-26,\n",
       "         -7.63501681e-23, -1.32441984e-21, -8.41132112e-28,\n",
       "         -2.52699603e-01, -8.66386980e-15, -1.65983484e-18],\n",
       "        [ 1.29174796e+00, -1.43697629e-48,  2.06932161e-51,\n",
       "          1.19836978e+00, -2.46888131e-50, -2.45240924e-50,\n",
       "         -1.87990530e-32, -1.80847284e-36, -2.53101998e-25,\n",
       "         -8.66386980e-15,  4.47548541e-28, -1.48001136e-25],\n",
       "        [-6.87770026e-40, -1.91941339e-25, -6.22738856e-35,\n",
       "         -2.00798774e-41, -1.49572363e-18, -1.96782799e-41,\n",
       "         -2.53292685e-47,  3.92009010e-15, -5.20140097e-47,\n",
       "         -1.65983484e-18, -1.48001136e-25,  7.86582268e-32]]),\n",
       " array([[ 3.59303757e-58,  1.57824941e-75,  1.50375108e-75,\n",
       "         -1.18499455e-47, -1.24424757e-47, -2.15958081e-68,\n",
       "          3.92585062e-07,  6.63275058e-23, -2.68290711e-74,\n",
       "         -3.21633850e-66,  1.22471468e-75, -1.85415512e-67],\n",
       "        [ 1.57824941e-75,  1.07181464e-62,  5.31822187e-76,\n",
       "         -3.57467317e-71, -5.57041156e-65, -1.72670059e-71,\n",
       "          1.23579016e-75,  2.86451077e+00,  2.46111342e-13,\n",
       "         -4.52229570e-11, -1.14544116e-73,  2.47527168e-75],\n",
       "        [ 1.50375108e-75,  5.31822187e-76,  1.02351338e-58,\n",
       "         -7.77186225e-67, -4.46946331e-68,  1.00748710e-75,\n",
       "          1.98561281e-02,  7.61180600e-10,  5.08659712e-76,\n",
       "         -7.93047166e-67,  3.40027777e-76, -2.15940282e-59],\n",
       "        [-1.18499455e-47, -3.57467317e-71, -7.77186225e-67,\n",
       "          3.52117689e-58, -4.56067699e-68, -1.26963707e-47,\n",
       "         -1.25292128e-69,  4.27685233e-04,  1.20579250e-04,\n",
       "         -4.60471039e-55, -2.93798664e-17, -1.89199501e-67],\n",
       "        [-1.24424757e-47, -5.57041156e-65, -4.46946331e-68,\n",
       "         -4.56067699e-68,  1.50407072e-34, -2.98743842e-48,\n",
       "          3.05471935e+00,  2.89011461e+00, -1.51350956e-70,\n",
       "         -1.42218206e-61, -5.21522665e-69, -7.92188261e-54],\n",
       "        [-2.15958081e-68, -1.72670059e-71,  1.00748710e-75,\n",
       "         -1.26963707e-47, -2.98743842e-48,  1.77070421e-61,\n",
       "         -5.00083167e-73,  2.24955473e+01, -4.91507188e-73,\n",
       "         -2.72741535e-43, -1.17827029e-73,  1.48140671e+01],\n",
       "        [ 3.92585062e-07,  1.23579016e-75,  1.98561281e-02,\n",
       "         -1.25292128e-69,  3.05471935e+00, -5.00083167e-73,\n",
       "          1.00304313e-58,  2.58142528e-75,  3.74833857e+00,\n",
       "         -3.41814498e-40,  1.26556328e+01, -4.16206684e-72],\n",
       "        [ 6.63275058e-23,  2.86451077e+00,  7.61180600e-10,\n",
       "          4.27685233e-04,  2.89011461e+00,  2.24955473e+01,\n",
       "          2.58142528e-75,  1.09368842e-62, -2.64407195e-74,\n",
       "         -2.80230833e-30, -5.68409343e-65,  3.11032175e-76],\n",
       "        [-2.68290711e-74,  2.46111342e-13,  5.08659712e-76,\n",
       "          1.20579250e-04, -1.51350956e-70, -4.91507188e-73,\n",
       "          3.74833857e+00, -2.64407195e-74,  3.22813771e-42,\n",
       "         -1.32441984e-21,  1.22145427e-75, -1.48323029e-70],\n",
       "        [-3.21633850e-66, -4.52229570e-11, -7.93047166e-67,\n",
       "         -4.60471039e-55, -1.42218206e-61, -2.72741535e-43,\n",
       "         -3.41814498e-40, -2.80230833e-30, -1.32441984e-21,\n",
       "         -1.26624360e-10, -3.28197806e-66, -2.87925783e-17],\n",
       "        [ 1.22471468e-75, -1.14544116e-73,  3.40027777e-76,\n",
       "         -2.93798664e-17, -5.21522665e-69, -1.17827029e-73,\n",
       "          1.26556328e+01, -5.68409343e-65,  1.22145427e-75,\n",
       "         -3.28197806e-66,  1.87540508e-54,  1.39001193e+01],\n",
       "        [-1.85415512e-67,  2.47527168e-75, -2.15940282e-59,\n",
       "         -1.89199501e-67, -7.92188261e-54,  1.48140671e+01,\n",
       "         -4.16206684e-72,  3.11032175e-76, -1.48323029e-70,\n",
       "         -2.87925783e-17,  1.39001193e+01, -3.53592090e-67]]),\n",
       " array([[-1.38916815e-15,  2.48895054e-02, -4.44487244e-81,\n",
       "         -1.46080272e-48, -9.23623471e-33, -4.45182650e-68,\n",
       "         -1.28044694e-34, -9.42472929e-33, -7.72242875e-67,\n",
       "         -6.33110256e-57, -4.96131481e-16, -1.52009773e-57],\n",
       "        [ 2.48895054e-02,  1.23099682e-83, -3.56628634e-71,\n",
       "         -2.33860275e-64, -5.88053123e-39,  6.70785702e-04,\n",
       "         -3.20692065e-79,  1.09193175e+00, -7.77522781e-23,\n",
       "          1.47690165e+00, -3.67092423e-58, -2.22638477e-64],\n",
       "        [-4.44487244e-81, -3.56628634e-71,  1.25615675e-50,\n",
       "         -1.34489001e-65,  1.16364300e+01, -2.10517597e-15,\n",
       "          1.08621090e+01, -1.21229166e-82, -1.00290430e-06,\n",
       "         -6.18631300e-70, -1.73000550e-71,  5.27381243e-10],\n",
       "        [-1.46080272e-48, -2.33860275e-64, -1.34489001e-65,\n",
       "         -2.75196940e-06, -1.90204401e-54, -2.95443069e-26,\n",
       "         -1.94086124e-54, -2.29674665e-20, -9.82846216e-07,\n",
       "         -1.38517745e-52, -2.53659056e-25, -1.37233675e-65],\n",
       "        [-9.23623471e-33, -5.88053123e-39,  1.16364300e+01,\n",
       "         -1.90204401e-54,  1.14064916e-06, -2.06307245e-15,\n",
       "         -1.18932021e-16, -8.74914638e-59, -1.24424757e-47,\n",
       "         -1.95427286e-41,  3.10760044e-03, -1.64617226e-18],\n",
       "        [-4.45182650e-68,  6.70785702e-04, -2.10517597e-15,\n",
       "         -2.95443069e-26, -2.06307245e-15,  1.42976476e-03,\n",
       "         -1.73414423e-49, -8.42092138e-28, -2.79851896e-30,\n",
       "         -7.62469248e-23, -1.08433494e-11, -5.07869270e-60],\n",
       "        [-1.28044694e-34, -3.20692065e-79,  1.08621090e+01,\n",
       "         -1.94086124e-54, -1.18932021e-16, -1.73414423e-49,\n",
       "          7.68743829e-77, -3.44111277e-27, -4.02471286e-67,\n",
       "         -5.92935517e-67,  3.27228835e+01, -5.30465447e-58],\n",
       "        [-9.42472929e-33,  1.09193175e+00, -1.21229166e-82,\n",
       "         -2.29674665e-20, -8.74914638e-59, -8.42092138e-28,\n",
       "         -3.44111277e-27,  2.42415554e-74, -5.92146350e-19,\n",
       "          2.37364956e+00, -2.58835771e-25, -3.61869448e-71],\n",
       "        [-7.72242875e-67, -7.77522781e-23, -1.00290430e-06,\n",
       "         -9.82846216e-07, -1.24424757e-47, -2.79851896e-30,\n",
       "         -4.02471286e-67, -5.92146350e-19,  2.90056709e+01,\n",
       "         -1.18498914e-47,  4.67273227e+01, -4.11059603e-19],\n",
       "        [-6.33110256e-57,  1.47690165e+00, -6.18631300e-70,\n",
       "         -1.38517745e-52, -1.95427286e-41, -7.62469248e-23,\n",
       "         -5.92935517e-67,  2.37364956e+00, -1.18498914e-47,\n",
       "          1.42876122e-75, -3.50887112e-27,  7.72677761e-51],\n",
       "        [-4.96131481e-16, -3.67092423e-58, -1.73000550e-71,\n",
       "         -2.53659056e-25,  3.10760044e-03, -1.08433494e-11,\n",
       "          3.27228835e+01, -2.58835771e-25,  4.67273227e+01,\n",
       "         -3.50887112e-27,  3.44094625e-17,  1.57601022e-05],\n",
       "        [-1.52009773e-57, -2.22638477e-64,  5.27381243e-10,\n",
       "         -1.37233675e-65, -1.64617226e-18, -5.07869270e-60,\n",
       "         -5.30465447e-58, -3.61869448e-71, -4.11059603e-19,\n",
       "          7.72677761e-51,  1.57601022e-05,  4.64422044e-78]]),\n",
       " array([[ 2.00982778e-104,  1.58991949e-081,  1.50377593e-001,\n",
       "         -8.68429473e-116, -1.63137576e-075,  2.22665349e-001,\n",
       "         -6.27419590e-114,  2.32918793e-100, -3.83431739e-089,\n",
       "         -3.99461319e-120, -2.49105653e-095, -9.59055541e-121],\n",
       "        [ 1.58991949e-081,  4.42429368e-103, -7.32414469e-115,\n",
       "         -4.61011173e-070, -9.87670040e-108, -2.96467050e-118,\n",
       "          2.54981140e+000, -2.30288686e-121,  5.76061334e+000,\n",
       "         -2.90537769e-118, -6.19764164e-070, -1.11650190e-112],\n",
       "        [ 1.50377593e-001, -7.32414469e-115,  1.19691200e-107,\n",
       "         -3.97636881e-094, -3.82953222e-111, -1.74154994e-106,\n",
       "         -6.40224071e-114, -1.79274654e-093, -2.15133350e-103,\n",
       "          1.43324436e-001, -4.24151203e-094, -8.86152523e-116],\n",
       "        [-8.68429473e-116, -4.61011173e-070, -3.97636881e-094,\n",
       "          1.09437985e-113,  6.38163817e-002, -1.09417186e-112,\n",
       "          5.52475587e-007, -1.67974702e-093, -1.76373438e-093,\n",
       "         -1.59121089e-094, -5.27678287e-104, -9.14175221e-113],\n",
       "        [-1.63137576e-075, -9.87670040e-108, -3.82953222e-111,\n",
       "          6.38163817e-002,  3.73257537e-071, -1.70671894e-106,\n",
       "         -1.34969587e-122,  1.14239361e+001, -2.44093647e-069,\n",
       "         -9.12346607e-109, -2.58127515e-069, -1.30657819e-109],\n",
       "        [ 2.22665349e-001, -2.96467050e-118, -1.74154994e-106,\n",
       "         -1.09417186e-112, -1.70671894e-106,  1.28860878e-097,\n",
       "          8.66912116e-003, -3.05985703e-114, -2.50827008e-082,\n",
       "         -5.71126853e-109, -5.17124721e-104, -1.20843361e-117],\n",
       "        [-6.27419590e-114,  2.54981140e+000, -6.40224071e-114,\n",
       "          5.52475587e-007, -1.34969587e-122,  8.66912116e-003,\n",
       "          9.99803400e-099,  6.96999335e-125,  2.42961656e+001,\n",
       "          9.02169131e-091,  1.32895916e+001, -9.78619003e-121],\n",
       "        [ 2.32918793e-100, -2.30288686e-121, -1.79274654e-093,\n",
       "         -1.67974702e-093,  1.14239361e+001, -3.05985703e-114,\n",
       "          6.96999335e-125,  2.74693554e-105, -1.59696684e-088,\n",
       "          7.57496523e-034,  1.29059101e+001,  7.32521987e-005],\n",
       "        [-3.83431739e-089,  5.76061334e+000, -2.15133350e-103,\n",
       "         -1.76373438e-093, -2.44093647e-069, -2.50827008e-082,\n",
       "          2.42961656e+001, -1.59696684e-088,  1.60266753e-075,\n",
       "         -5.86140620e-096, -2.44123540e-095, -2.61565994e-069],\n",
       "        [-3.99461319e-120, -2.90537769e-118,  1.43324436e-001,\n",
       "         -1.59121089e-094, -9.12346607e-109, -5.71126853e-109,\n",
       "          9.02169131e-091,  7.57496523e-034, -5.86140620e-096,\n",
       "          3.05271386e-108, -2.00461263e-085,  1.53523437e-001],\n",
       "        [-2.49105653e-095, -6.19764164e-070, -4.24151203e-094,\n",
       "         -5.27678287e-104, -2.58127515e-069, -5.17124721e-104,\n",
       "          1.32895916e+001,  1.29059101e+001, -2.44123540e-095,\n",
       "         -2.00461263e-085,  3.73494891e-062, -1.37190710e-109],\n",
       "        [-9.59055541e-121, -1.11650190e-112, -8.86152523e-116,\n",
       "         -9.14175221e-113, -1.30657819e-109, -1.20843361e-117,\n",
       "         -9.78619003e-121,  7.32521987e-005, -2.61565994e-069,\n",
       "          1.53523437e-001, -1.37190710e-109,  1.11648702e-113]]),\n",
       " array([[ 1.28367274e-141, -9.43947214e-051, -3.27134351e-123,\n",
       "         -1.46229398e-026, -1.01263633e-050, -1.61329049e-031,\n",
       "          4.22344798e-001,  1.11697245e+001, -8.87361540e-121,\n",
       "         -9.76101220e-020,  1.28533935e+000, -1.10080230e-031],\n",
       "        [-9.43947214e-051,  1.70828696e-116, -1.14669770e-099,\n",
       "         -1.00075769e-050,  6.69035550e+000, -2.53390876e-025,\n",
       "          4.46680793e-043,  7.89690115e+000, -4.08664301e-120,\n",
       "         -1.34960183e-021, -2.90278550e-118, -4.00491015e-120],\n",
       "        [-3.27134351e-123, -1.14669770e-099,  2.12336483e-116,\n",
       "         -6.72635543e-031,  1.50935981e+001, -7.22259154e-049,\n",
       "         -6.40596915e-031, -4.41402600e-125, -2.48577107e-095,\n",
       "          1.58424682e+001, -3.20591664e-123,  5.16623582e-003],\n",
       "        [-1.46229398e-026, -1.00075769e-050, -6.72635543e-031,\n",
       "         -2.67842216e-019, -1.02823782e-037, -5.91528087e-061,\n",
       "         -3.41713560e-040, -7.98527237e-054, -1.38517745e-052,\n",
       "         -9.56579195e-020, -2.80148081e-030, -3.87761005e-032],\n",
       "        [-1.01263633e-050,  6.69035550e+000,  1.50935981e+001,\n",
       "         -1.02823782e-037,  3.73964423e-023, -6.53966910e-044,\n",
       "         -9.79267659e-038, -2.59619966e-047, -1.15753508e-029,\n",
       "          4.54872256e+001, -1.71934846e-106,  7.52470923e-003],\n",
       "        [-1.61329049e-031, -2.53390876e-025, -7.22259154e-049,\n",
       "         -5.91528087e-061, -6.53966910e-044, -7.28976692e-012,\n",
       "         -8.19586835e-041, -2.60348819e-012, -1.32262891e-021,\n",
       "         -5.76306947e-052, -5.21815018e-047, -1.40892988e-096],\n",
       "        [ 4.22344798e-001,  4.46680793e-043, -6.40596915e-031,\n",
       "         -3.41713560e-040, -9.79267659e-038, -8.19586835e-041,\n",
       "          6.64535495e-148, -4.68901174e-109, -7.37700384e-121,\n",
       "         -5.45823325e-052,  1.60937659e+000, -1.04998584e-030],\n",
       "        [ 1.11697245e+001,  7.89690115e+000, -4.41402600e-125,\n",
       "         -7.98527237e-054, -2.59619966e-047, -2.60348819e-012,\n",
       "         -4.68901174e-109,  4.79979683e-114, -5.24104790e-095,\n",
       "         -1.75443721e-106, -1.06894730e-047, -2.42981799e-108],\n",
       "        [-8.87361540e-121, -4.08664301e-120, -2.48577107e-095,\n",
       "         -1.38517745e-052, -1.15753508e-029, -1.32262891e-021,\n",
       "         -7.37700384e-121, -5.24104790e-095,  1.25799959e-141,\n",
       "         -1.25961928e-021, -6.14193458e-127, -1.06215105e-029],\n",
       "        [-9.76101220e-020, -1.34960183e-021,  1.58424682e+001,\n",
       "         -9.56579195e-020,  4.54872256e+001, -5.76306947e-052,\n",
       "         -5.45823325e-052, -1.75443721e-106, -1.25961928e-021,\n",
       "          2.90580205e-013, -2.56509244e-082, -1.43768355e-096],\n",
       "        [ 1.28533935e+000, -2.90278550e-118, -3.20591664e-123,\n",
       "         -2.80148081e-030, -1.71934846e-106, -5.21815018e-047,\n",
       "          1.60937659e+000, -1.06894730e-047, -6.14193458e-127,\n",
       "         -2.56509244e-082,  3.49719845e-079, -1.02184560e-029],\n",
       "        [-1.10080230e-031, -4.00491015e-120,  5.16623582e-003,\n",
       "         -3.87761005e-032,  7.52470923e-003, -1.40892988e-096,\n",
       "         -1.04998584e-030, -2.42981799e-108, -1.06215105e-029,\n",
       "         -1.43768355e-096, -1.02184560e-029,  4.78938144e-090]]),\n",
       " array([[-3.22539815e-172,  1.15059172e-174,  2.68796754e+001,\n",
       "         -1.14591642e-143,  8.59114907e-060,  2.90107279e+001,\n",
       "         -3.84696403e-121,  1.75410341e-174,  1.00806948e-142,\n",
       "         -6.37351190e-057, -1.06542005e-125, -7.26802580e-150],\n",
       "        [ 1.15059172e-174,  6.47418157e-155, -2.29662330e-174,\n",
       "         -1.67439801e-119, -6.20029484e-117, -1.92137744e-168,\n",
       "         -8.55223338e-117, -2.14004360e-134,  3.70965168e-002,\n",
       "         -9.48261073e-077,  3.52997538e-002, -2.24704856e-134],\n",
       "        [ 2.68796754e+001, -2.29662330e-174,  8.91046694e-162,\n",
       "          2.86790967e+001, -9.88449826e-139,  7.34488673e-175,\n",
       "         -2.09123176e-147,  4.40596191e-113,  3.70828368e-175,\n",
       "         -2.11810478e-059, -3.69476174e-077, -1.05905339e-138],\n",
       "        [-1.14591642e-143, -1.67439801e-119,  2.86790967e+001,\n",
       "          2.21829912e-077, -3.74005698e-102, -4.41088457e-138,\n",
       "         -1.51607756e-114, -1.33604012e-122, -2.31758238e-121,\n",
       "         -2.23602533e-033, -5.16835267e-126,  8.25096728e+000],\n",
       "        [ 8.59114907e-060, -6.20029484e-117, -9.88449826e-139,\n",
       "         -3.74005698e-102,  3.00991451e-170,  6.94026491e-006,\n",
       "         -4.41773475e-166, -1.62166638e-163, -3.56177600e-102,\n",
       "         -8.20696610e-041,  3.78201868e-002, -2.09045016e-116],\n",
       "        [ 2.90107279e+001, -1.92137744e-168,  7.34488673e-175,\n",
       "         -4.41088457e-138,  6.94026491e-006,  3.89010061e-167,\n",
       "         -1.86390929e-147,  9.74167385e-175,  2.63221269e-101,\n",
       "          3.18822660e+001, -6.42559264e-158, -4.62741085e-156],\n",
       "        [-3.84696403e-121, -8.55223338e-117, -2.09123176e-147,\n",
       "         -1.51607756e-114, -4.41773475e-166, -1.86390929e-147,\n",
       "          3.07198102e-170,  3.88443089e-005,  9.60711577e-001,\n",
       "          6.51076364e-001, -3.80594185e-146, -2.59612175e-170],\n",
       "        [ 1.75410341e-174, -2.14004360e-134,  4.40596191e-113,\n",
       "         -1.33604012e-122, -1.62166638e-163,  9.74167385e-175,\n",
       "          3.88443089e-005,  1.26371937e-169,  2.86155826e-078,\n",
       "         -1.21006998e-117, -2.42316925e-152,  1.35508624e-003],\n",
       "        [ 1.00806948e-142,  3.70965168e-002,  3.70828368e-175,\n",
       "         -2.31758238e-121, -3.56177600e-102,  2.63221269e-101,\n",
       "          9.60711577e-001,  2.86155826e-078,  4.08912729e-169,\n",
       "         -1.27743780e-091, -9.64680691e-121, -1.57521090e-158],\n",
       "        [-6.37351190e-057, -9.48261073e-077, -2.11810478e-059,\n",
       "         -2.23602533e-033, -8.20696610e-041,  3.18822660e+001,\n",
       "          6.51076364e-001, -1.21006998e-117, -1.27743780e-091,\n",
       "          1.56083628e-020, -1.34855617e-065, -9.22918356e-090],\n",
       "        [-1.06542005e-125,  3.52997538e-002, -3.69476174e-077,\n",
       "         -5.16835267e-126,  3.78201868e-002, -6.42559264e-158,\n",
       "         -3.80594185e-146, -2.42316925e-152, -9.64680691e-121,\n",
       "         -1.34855617e-065,  1.13661937e-109, -5.68971841e-131],\n",
       "        [-7.26802580e-150, -2.24704856e-134, -1.05905339e-138,\n",
       "          8.25096728e+000, -2.09045016e-116, -4.62741085e-156,\n",
       "         -2.59612175e-170,  1.35508624e-003, -1.57521090e-158,\n",
       "         -9.22918356e-090, -5.68971841e-131,  1.15531026e-087]])]"
      ]
     },
     "execution_count": 25,
     "metadata": {},
     "output_type": "execute_result"
    }
   ],
   "source": [
    "results"
   ]
  },
  {
   "cell_type": "code",
   "execution_count": 29,
   "metadata": {},
   "outputs": [
    {
     "data": {
      "text/plain": [
       "[(1, 11, 12.363096985727942), (4, 11, 17.846749779246277)]"
      ]
     },
     "execution_count": 29,
     "metadata": {},
     "output_type": "execute_result"
    },
    {
     "data": {
